$ANSIBLE_VAULT;1.1;AES256
63353630303434363363666561323666613737356462386635396135343033663936356332316364
3665616366336563336333303536363033396230373635310a333765653965376631323734663565
37323838653933336539646365326463623033336664636137323034666363303037373162356237
6138306161356635370a353461313435303363323333613939376230383031323666646162326432
32613132346537396237346664363334353165373632373432613164306135646465666365383531
33613534653231643931393532306632633666313138396564343832386531616134666634356165
35353236323835666632633339383237333966323366323235613837343062613162346637323637
34623965633434333239363166633030363939623434626133643936656466626561613536386164
64393962333334383963343130643231633165343862646535303064636531393137326164393461
39373331613232343635666566323062363535373233373961346366366437303339616463646239
64356438323162366365346464373035353166386437366130303566333635373433653533343433
33376365666135666331663733653436366365333061363964323834656161633636313166643433
30636563633036646138626236353766306338613032383637636262346236353864373763663861
61623737663665653230643536383835643632333632646534653632356131633366623734623363
66303136666634346633646630373939316364663533633462396165653438366636623439306564
37353463363138666231643836646233616437656565356335353662306437613631633739386566
32313732353165306566316562316333343439663336663537393339353737653038333862356137
64323538366434343666326666343232653237383762383931316231313466366365386433643434
34396531376232336664636462356334303638343435306433333764326633313961373734636464
65636239386563383264396665383336343461383461353863396137366538366438313262653635
62393433356330653562393461393165353032313162386435666239346234303662646665316534
30663764376439643736396338383764656337646664346638393434633564653663646365656639
38623963626664316235333965303839363263373138653131323864613134376362366362373764
64303465383563366362306563383032353266323239613132636166306430646133323161333635
62633638376632353231623332356165316265383737643561336433376233323464306130376163
66396334323234373832316637653463626638363632326161363635353162643066393831323134
37333632376637353238316337393164623866363530333733646466616436323035373734636563
64346131326432316165656266343434363838323436336634643536376433666338336565386436
35633062656531643135313935656633646262616131396536666135663539663764653562613139
62636165396132343138333438353063646233356334636631343635623033633630643664306434
38303664626338643531386639363139623739656535316666363531336666343566373337303034
30653663333362353437653033386239653232633661616261613564393430303031343066353735
63646435633836383262376464326265646363643438363138616233303564663063373862333161
65353233333031316566333233613236383462393365643236643161303832396133366537323863
31343466643736383434643037356466633734613966656536653564613561326362343130353138
31636663336630303138643435663737373662663861396434383631363638363565336434666561
32616631353335616463636364316464646665326439323062313533393037613431656266373335
30666361373436376139333164343933626266366239636130653535376639623461666135323035
65643130623930623934333766333565376430326536373561333364376335663663336164396265
66316463396532306230333436393732326339633935383036656334363636343335616361353766
35663739353330623766313264383461303864653161646630663138613732393530613232656138
31383165613938663266353434386634626634636232633534393564333231636533383031353961
63313464303763316338383834663961653963323066646665306363343333643963356430326465
63663536356233396332633036613537623061323938316239323838353339316432343963646537
32356462653333303938663564343762623437373439623432616137656261623638623766346437
33396639326231366165336136306264656166373437666530383639653633633739373364666639
32363237306530316365313338623936666331653762396232666235323936616631636432353761
66633962303932633164363161363762396165316365356430626165336563336337633630636630
35303562663066643363343361396130393862616564613631626534386661313136396362633765
62313661363866303437333030303139656130623836633762303935363465313439383561656362
30323262633738313737366165633264643766303465386631656331643130663438636131633562
64643565643962643637656338656632363066363130663731633266303931346434643230353565
33373364653531336330333931643337363635336336386238646238303138396339323164633433
64653230303236393737656630326165623662623665626662323138376364613032386437623738
32656564366538626331613433303031306337393939323638373538346664373136353237353937
37666439386230323638333931623731633039346566653632333139363130343838383663613262
33363235333238343365633331373566623336363965383032376134396134663265366537353936
62376366313365313264366333306262336561386639646131326139336665333032303937623864
61393566326130636530313236386638313432383362333565306136633439333830376265303739
62343131376338363664336261643131643363306432383431323534326231356135393265383636
34323264333432386664326336323032306231646636346362626538376532353434373638356432
36623639366364313362363965346363316433323638353461393262626431633363656636636463
35323166636535373032373436396233326436303034613232623437306362373730363732643033
32303362303264623066633935613563306361643337363837633739383234653436336638663837
39343034306639643164316635616337316434643637386331666431656631613033646463623731
63383632316665656237623534656636613463343365643535656230356431613732633561393364
39616165333265343462386466663666313939343132356265376231343433376138376633313034
33383935376665336664656432346637343765653961303363383137336161623331333233376364
32633363343263303836633662303436376564633061346631636666353365633431633332333565
66666661363931626463616461663930646432643935316265363236653437613231616435613339
34343235363339626433363562333134626235386339663161653238326465313162353433616134
35643761613331393561336634366639396563356165326635613366633530356562643233333064
65336338363565656364333463376461366163623035653263323662636635336364326638666139
62653331646135346662643562643432366133353230343665303037646433383335356461653665
31663665356333663238373232366366346633366665303264623836386436636633626235323935
63623732363037653432623330636135663464373265376530346134363130303263353466313162
30646466663763626637336336653262616661386365313464393736333162383362393033363931
32396130323932373365323732663335343937643332636633363764313137633637353861623230
37383132343639366634633165383530373665393639616539353462303463656135663433373432
64323361323236383835633963383733626432346433363339663535316539343631393865656433
35343539356532633537626634396330316363666139316665313637363864346235343339373863
30393632663437373135643531363830633262633235316561363932313334303763383266396331
61363864353034343734346439393064636132643066636664323166313031306666623964376434
37386233316239336238353938393566383633323963393034393265303965303335363834643431
36613330393663643932643564633462666436313562343463643864613631643436316533336663
39653563373665616261613232386565333239303164373365303835633037323063326339623337
61306534363638373632386439616564373833393763373266656335363030393037353665316166
65303330623839636636343763396464623039643533616234613962666537643639623333366138
66303965663839623839623262313761626534356434366263303263386565633164346539303466
34646231636462313062653238656462343932393063663062356639646337663531313931393332
36646532383237633537636130633331303965343964356631303865663230666365383466356431
39626264386130386132663332393731323235656230663635346334306233323963336363353330
61643465353266383332663561363861376639316338346164323032626162336665383166636134
66366533363663336663393566663533663864333762353638636238363932353033366636343433
32373765666163323532393330313161646637633133366366343733393266613963306265303034
63383631393264316539643833646231306231336531373439613630623664356462656539333265
63323338633431373462333364353832323832396539356163353566303834316435313331643430
35313566313935333465333530346134646436323835323461366430666537386339653633386266
33643763623666346635636264313138623061636165616332616161326136346631356339373736
30363336336463386232366539653631376562366261363530393663343334623037353565316463
65356462373935643061386364623135663238393233396334333333633536386261303562313165
66373530636238393163353462653930373334343839333238333438656235363432363839316131
64303636656163313334376634623136633065303365346633316261383139363532333339303037
33396237633831386565323462646635376439396263396465656231623263373135386134376238
31343037623136313464666364343761326661343736363931326137646332653964396164656431
36323732346363663136373637336163623366633436666262393865343632393132396664646164
63366362343937383731376138343938323739383466383365363366633733393634323034643061
65643830306131376335666235353434366463393465323661626636396161646265656233343364
66383239346566636230616637613365643333613333343762643365653636633733613566336465
33663062326331393062303561336164343531363966356338623366386433313462643837353933
64613038326333646261333630396636653765623634323238643939363831373031666362386333
61356434303263626536326632306331393831616335306131643037396530346361373534343630
36353430373330386164383364656130393735346130333165383434386366643366323736643839
64613339376335363363346330376662323630336333653164623164623537303634323066373937
65333130303535363965333838393339343631646463353461393632323133643032323564623837
33303834356165336133303364653737303661646233663963646536646564613637336632663735
36393863356164396133633732333864393266623664346464363265313036333665326439383436
66336536396335303737303732643435373461623235633538306462623534643037313734616163
66373433306337326134626233373062373035623937353261383664633430616333623537336263
37373332303339353962626538363733633465306434383635393432396439393264653531356562
62306365356536326639376466343831333236303261613164393238643865343562616135333664
36653066353038393638383833336133653263656465616539343737333935653337393866336462
30353364363530356566376133323237383562643862386333653664623161626663653466363932
30376435323536346436653962656332623837666233363665353733663839383966363233306661
62663363333962653262303430626234313239343339373562626637303332633163616664393431
32343330303261323536303363373030323239333262656464646137646262346665356239373630
333164323562636338623264623038616330
